image_width: 640
image_height: 480
camera_name: "192_168_1_100"
camera_matrix:
  rows: 3
  cols: 3
  data: [624.400619, 0.000000, 319.046404, 0.000000, 625.334065, 212.587750, 0.000000, 0.000000, 1.000000]
distortion_model: plumb_bob
distortion_coefficients:
  rows: 1
  cols: 5
  data: [-0.362997, 0.168824, 0.003471, -0.001447, 0.000000]
rectification_matrix:
  rows: 3
  cols: 3
  data: [1.000000, 0.000000, 0.000000, 0.000000, 1.000000, 0.000000, 0.000000, 0.000000, 1.000000]
projection_matrix:
  rows: 3
  cols: 4
  data: [560.912598, 0.000000, 317.260177, 0.000000, 0.000000, 588.827942, 210.092716, 0.000000, 0.000000, 0.000000, 1.000000, 0.000000]
