image_width: 640
image_height: 480
camera_name: "192_168_0_101"
camera_matrix:
  rows: 3
  cols: 3
  data: [663.511083, 0.000000, 360.238730, 0.000000, 664.971661, 256.331131, 0.000000, 0.000000, 1.000000]
distortion_model: plumb_bob
distortion_coefficients:
  rows: 1
  cols: 5
  data: [-0.331637, 0.092015, 0.001220, -0.006667, 0.000000]
rectification_matrix:
  rows: 3
  cols: 3
  data: [1.000000, 0.000000, 0.000000, 0.000000, 1.000000, 0.000000, 0.000000, 0.000000, 1.000000]
projection_matrix:
  rows: 3
  cols: 4
  data: [605.153259, 0.000000, 363.388537, 0.000000, 0.000000, 632.422791, 257.816608, 0.000000, 0.000000, 0.000000, 1.000000, 0.000000]
